LOL <- -1:1