.hclc64 <- 203/256 * .hcll64
