.hc1.CMAX <- 59
